Sample	OTU1	OTU2	OTU3	OTU4	OTU5	OTU6	OTU7	OTU8	OTU9	OTU10	OTU11	OTU12	OTU13	OTU14	OTU15	OTU16	OTU17	OTU19	OTU20
TIC2012_057	35.89391555	0.073669759	0.006697251	4.011653216	1.664266818	0.164082644	0.274587282	0.023440378	0.036834879	0.013394502	0.291330409	0.016743127	0.006697251	29.90322473	0.013394502	0.2109634	0.097110136	0.003348625	0.010045876
TIC2014_001	62.22347869	0.120149834	0.007067637	6.912149268	1.865856244	0.007067637	0.537140434	0.035338186	0	0.007067637	0.113082197	0	0.007067637	0.212029119	1.682097675	0.098946922	0	0.007067637	0.014135275
TIC2015_013	60.2034498	3.905351614	0.048651039	8.752764264	1.862007961	1.472799646	0.37593985	0.066342326	0.544007077	0.017691287	0.278637771	0.026536931	0.013268465	1.136665192	0.353825741	0.106147722	0.057496683	0.004422822	0.044228218
TIC2016_050A	62.77788819	0.176031345	0.014196076	5.729536356	7.276908662	1.479231141	0.349223475	0.300956816	0.017035291	0	0.11924704	0.022713722	0.017035291	0.068141166	0.068141166	0.036909798	0	0	0
TIC2016_050AD	55.60651227	0.372620958	0	3.817931667	7.251777115	0.137583123	1.066269204	0.01719789	0.034395781	0	0.292364137	0	0.00573263	0.120385233	0.44141252	0	0	0	0.00573263
TIC2016_050AH	41.26906705	2.097374956	0	4.004079461	2.447676481	4.376551969	0.004434197	0.097552324	0.177367861	0	0.243880809	0	0	0.044341965	0.336998936	0.08868393	0.053210358	0	0.008868393
TIC2016_050AW	56.08840525	0.430216374	0	5.255388249	1.999240795	0.62845333	0.721245097	0.012653423	0.029524653	0	0.324771184	0.004217808	0.008435615	0.303682146	0.76764098	0	0.012653423	0	0.012653423
TIC2016_050B	60.39175124	0.491305191	0	4.447604887	3.626608055	3.161161032	0.265046221	0.09696813	0.025858168	0.006464542	0.265046221	0.006464542	0.006464542	0.187471718	0.213329886	0	1.325231107	0	0
TIC2016_050C	41.13660063	0.399721933	0.017379214	2.850191171	0.104275287	0.260688217	0.034758429	0.104275287	0.052137643	0.017379214	0.121654501	0	0	0.573514077	0.364963504	0.191171359	0	0	0.017379214
TIC2016_050D	33.41798141	4.570996326	0	1.783012751	7.764210071	1.426410201	0.923924789	0.210719689	0.237735033	0	0.129673655	0.016209207	0.021612276	3.663280743	0.956343203	0.032418414	0.010806138	0	0.010806138
TIC2018_003A	33.91259544	0.936812029	0.096023233	3.822193077	15.29345637	5.058784955	4.693428264	0.110075413	0.072602932	0	0.690898871	0.00468406	0	0.00234203	0.016394211	0.00702609	1.918122629	0	0.00234203
TIC2018_003B	35.92368753	0.60887606	0.108244633	3.99603103	14.72578026	5.263395273	4.514703229	0.126285405	0.049612123	0	0.856936677	0.013530579	0	0.099224247	0.027061158	0.013530579	2.115280534	0	0
TIC2018_003C	35.5293591	0.578228755	0.063418638	3.756621652	15.59352384	5.222711333	4.696709692	0.070879654	0.05968813	0	0.6453779	0.007461016	0	0.033574573	0.014922032	0.007461016	1.988360815	0	0
TIC2018_003D	33.92857143	0.754233246	0.131170999	3.517767708	13.29895063	12.54173623	4.418077749	0.0655855	0.101359409	0	0.545552111	0.011924636	0	0.005962318	0	0.008943477	1.958621512	0.002981159	0
TIC2018_003E	38.49499978	1.183909592	0.103143639	3.982241356	14.39974887	4.699762321	4.417238441	0.103143639	0.107628145	0	0.582985784	0.004484506	0	0.008969012	0.013453518	0.013453518	1.9328221	0	0.004484506
TIC2018_003F	39.4136711	0.544108465	0.059465406	4.222043826	15.18151815	5.015906996	4.495584694	0.080278298	0.059465406	0	0.526268843	0.00297327	0	0.00297327	0.008919811	0	1.858293938	0	0
TIC2018_003G	27.17803866	1.346102922	0.026480713	2.603936799	12.89169388	1.871303734	0.869450084	0.052961426	0.14123047	0	1.04157472	0.008826904	0	0.163297731	0.008826904	0.017653809	2.943772619	0	0
TIC2018_003H	32.53898666	1.565729317	1.390367633	3.297425941	7.415294044	7.186697564	2.329805223	0.062629173	0.187887518	0	0.673263606	0.025051669	0	0.009394376	0.012525835	0.031314586	6.32554644	0	0
TIC2018_003I	35.69398695	0.313246787	0.138861978	3.83969515	11.57721372	3.077568947	3.871988633	0.145320674	0.022605438	0	1.38216108	0.01937609	0.041981528	0.361687012	0.003229348	0.006458697	7.107795647	0.003229348	0.051669573
TIC2018_003J	30.13047111	0.880519314	0.012854297	2.702615849	9.566810206	1.77067935	1.950639501	0.070698631	0.070698631	0	1.012275853	0.035349316	0	0.787325664	0.012854297	0.025708593	2.133813227	0	0.006427148
TIC2018_003M	20.30926959	1.121527089	0.033985669	1.937183154	4.500269053	23.00263389	1.016737942	0.022657113	0.107621286	0	0.911948795	0.002832139	0.002832139	0.019824974	0.008496417	0	4.259537228	0	0.011328556
TIC2018_007A	38.88556864	4.063983125	0.622253472	2.612058358	25.26981895	2.415187203	4.151872034	0.059764458	0.274213394	0	0.984355774	0	0	0.059764458	0.024608894	0.007031113	3.255405168	0	0
TIC2018_007B	42.5862069	1.810344828	0	3.976293103	8.615301724	0.113146552	0.167025862	0.140086207	0.145474138	0	0.743534483	0.016163793	0	0.064655172	0.032327586	0.064655172	2.359913793	0	0
TIC2018_007C	35.84014119	1.884375623	0.045543822	3.580882981	17.88448948	5.203381629	5.24892545	0.054083288	0.176482309	0	0.518060972	0.005692978	0	0	0.034157866	0.008539467	4.67678119	0	0
TIC2018_007D	38.90977924	0.634384672	0	3.693755915	16.01309697	0.752052797	6.732663137	0.043486046	0.069066073	0	0.596014632	0.017906019	0	0.002558003	0.012790014	0.010232011	1.335277415	0	0
TIC2018_007E	38.12460193	0.622430664	0.110011001	2.909501476	16.2092525	5.955069191	5.297898211	0.08685079	0.052110474	0	0.480574373	0.008685079	0	0.005790053	0.017370158	0.017370158	2.061258757	0	0
TIC2018_014A	34.04178933	1.847729829	0.086163567	3.769656064	17.09628779	4.868241545	4.80361887	0.088557	0.213015486	0	0.636653024	0.016754027	0	0.011967162	0.021540892	0.011967162	2.448481367	0	0
TIC2018_014B	37.13606489	0.99286813	0.061529856	3.912739477	16.94028807	4.972731087	4.603551951	0.125856524	0.117466089	0	0.536987834	0.013984058	0	0.083904349	0.008390435	0.008390435	1.675290169	0	0
TIC2018_014C	38.47724807	0.820090625	0.19465186	4.011104729	16.5390261	4.614206395	5.536409471	0.204224903	0.092539409	0	0.568000511	0.006382028	0	0.118067522	0.015955071	0.009573042	1.58593401	0	0
TIC2018_014D	36.32348367	2.105754277	0.046656299	3.368584759	22.11508554	3.623639191	5.153965785	0.096423017	0.158631415	0	0.538102644	0.00622084	0	0.00933126	0.024883359	0.00311042	2.108864697	0	0
TIC2018_014E	33.71614955	3.494682601	0.02192742	3.204144282	21.23122465	2.209187589	4.201841903	0.079486898	0.290538318	0	0.904506085	0.008222783	0	0.049336696	0.019186493	0.002740928	2.521653327	0	0.002740928
TIC2015_003E	31.2578286	2.105135561	0.197987797	3.923390844	15.37435856	1.470766496	3.135480221	1.272778698	0.250515172	0.222231201	0.004040567	0.153541557	0.133338721	15.72992848	0.016162269	0.335367086	0.004040567	0.068689644	0.141419855
TIC2015_003F	52.88289058	1.742547194	0.183650807	5.637652686	6.090373281	0.657726147	0.60220381	0.119586572	0.217818399	0.183650807	0.025625694	0.076877082	0.064064235	10.92081661	0.017083796	0.811480311	0	0.051251388	0.081148031
TIC2015_003L	64.27106151	0.448524043	0.006953861	6.474044713	3.376099579	0.49372414	0.128646431	2.527728521	0.06258475	0.05910782	0.024338514	0.024338514	0.017384653	0.152984945	0.013907722	0.86227878	0	0	0.010430792
TIC2015_006A	41.4914552	0.217503884	0.341791818	1.833247022	23.13827033	2.744691869	0.466079751	1.543241844	0.020714656	0	0	0.134645262	0	0.082858622	0	1.460383221	0	0	0.010357328
TIC2015_006B	24.07837928	0.597808037	0.265692461	0.863500498	15.70906676	0.730654268	3.088674859	0.996346729	0	0.066423115	0.066423115	0.398538691	0.099634673	0.033211558	0.099634673	0.863500498	0	0	0
TIC2020_003	62.1187738	0.078502178	0.058876634	2.96541979	1.899752718	0.459237744	0.10990305	0.03532598	0.001962554	0	1.208933548	0.005887663	0.001962554	6.733524355	1.940966362	0.001962554	0	0	0
TIC2021_022	26.1654884	1.063427263	0.019914368	1.437817385	3.652295131	0.424176043	0.270835408	0.232998108	0.063725978	0	0.25689535	0.065717415	0	0.009957184	0.053768794	0.061734541	0	0.003982874	0
TIC2021_002	0.008102743	16.06166187	16.25815338	0.006077057	0.265364826	0.86091642	0.71506705	7.620629583	1.28428473	0	0.445650853	0.066847628	0	0.0141798	0.020256857	0.796094478	0	0	0
TIC2021_031	0.045015112	58.66326552	3.196072967	0.002143577	0.703093181	2.152151079	0.437289662	0.602345073	3.32040042	0	0.102891685	0.120040299	0.002143577	0.002143577	0.023579344	0.325823669	0	0.004287154	0
TIC2021_043	0.1748437	53.22931016	1.769630179	0.034438911	0.050333793	0.558970012	0.283458726	1.520610363	2.845183851	0	0.378828017	0.045035499	0.013245735	4.437321183	0.007947441	0.063579527	0.002649147	0.06093038	0.010596588
TIC2022_001	0.006864517	40.47548223	17.11095348	0	0.700180766	2.546735922	0.757385077	6.683751688	3.484886621	0	0.789419491	0.164748415	0	0.00915269	0	1.178408805	0.002288172	5.70899023	0.002288172
TIC2022_003	0.077279753	48.3127254	8.562310378	0.002862213	0.685500029	6.249642223	0.24328811	3.20997195	4.183124392	0	1.708741199	0.057244261	0	0.002862213	0	1.408208827	0	0.028622131	0
TIC2022_004	0.011753298	49.01713043	2.406487821	0.002938325	0.993153704	3.249786971	1.178268152	6.082331854	4.298768842	0	1.422149091	0.07051979	0	0.014691623	0	4.480944965	0	0	0
TIC2022_005	0	47.57684852	17.95901412	0	0.200775408	2.222376073	0.69579064	4.652450845	4.067432844	0	0.138465799	0.038078095	0	0.263085018	0.003461645	2.329687067	0	0.00692329	0
TIC2022_008	0.006675345	36.7477721	27.96635626	0	0.637495411	2.366409666	0.170221288	6.024498515	3.060645506	0	0.123493875	0.076766463	0	0	0	4.185441073	0	0.040052068	0
TIC2022_009	0.009858822	47.34008991	19.71172805	0	0.463364619	0.554065778	0.193232905	7.031311618	3.97113337	0	0.274075243	0.053237637	0	0.011830586	0	1.344743276	0	0.134079975	0
TIC2022_021	0.421254314	42.36821039	25.29494364	0.028871012	0.129919555	3.364785239	0.351701421	5.759766932	2.926470781	0	0.585294156	0.015747825	0	0.005249275	0.003936956	4.712536581	0	0.015747825	0
TIC2022_063	0.011899096	36.04712042	14.86910995	0.002379819	0.042836744	1.742027606	3.207996192	12.16801523	2.553545931	0	0.099952404	0.047596383	0	0.014278915	0	2.33460257	0.019038553	0	0
TIC2022_070	0	34.55882353	29.3236826	0	0.153186275	1.328890931	0.298713235	1.727175245	2.719056373	0	0.07276348	0.111060049	0	0	0.003829657	1.405484069	0.015318627	0	0
TIC2015_201	0.11468377	39.16663127	0.012742641	0.067960753	0.169901882	16.23837234	5.058828527	1.376205241	4.523637599	0.008495094	0.046723017	0.191139617	0.008495094	0	0.004247547	0.998173555	0.063713206	0.029732829	0
TIC2015_202	0.102790015	39.10792952	0.01835536	0.003671072	0.543318649	16.18942731	2.408223201	3.527900147	2.485315712	0	0.01835536	0.220264317	0.003671072	0.011013216	0.003671072	0.862701909	0.062408223	4.335535977	0
TIC2015_204	0.294279016	56.47164447	0.079804479	0.074816699	1.032470447	5.980348147	3.137313582	0.418973515	3.730859394	0	0.079804479	0.124694498	0.049877799	0.03990224	0.01995112	0.413985735	0.01995112	2.862985685	0.0249389
TIC2017_026	0.038494604	55.76841646	0.001283153	0.011548381	0.622329437	0.001283153	0.005132614	3.912334954	6.261788973	0	2.688206536	0.002566307	0.008982074	0.001283153	4.724571106	0.041060911	0.00384946	0	0
TIC2017_028	0.053065647	62.58429699	5.075507993	0.01547748	0.35708758	1.285736396	0.31065514	0.494173834	5.068874787	0	1.645035045	0.021005152	0.00773874	0.002211069	1.209454529	2.047449532	0.002211069	0.002211069	0.002211069
TIC2017_030	0.042111299	68.19073731	0.895985091	0.013439776	0.305530916	1.802722003	0.046591225	1.903072333	6.202008799	0	1.096685751	0.013439776	0.00179197	0.00179197	1.53303049	1.918304079	0.00179197	0.00179197	0
TIC2017_034	0.033408249	66.5249347	1.394035109	0.018222681	0.16400413	0.912652615	0.388750531	1.135880459	7.999757031	0.001518557	0.67120209	0.010629897	0.009111341	0.00455567	2.472210411	2.321873292	0.001518557	0.001518557	0.00455567
TIC2019_013	0.002659999	53.78517849	0	0	0.007979997	4.540618184	1.643879342	0.188859924	5.471617811	0	1.117199553	0.010639996	0	0.002659999	0.111719955	0.021279991	0.002659999	1.877959249	0
TIC2015_027	68.08628978	0.218505423	0.059592388	3.241825911	0.293989114	0.305907592	0.019864129	0.071510866	0.027809781	0	1.350760796	0.003972826	0.015891303	5.228238846	0.091374995	0	0.007945652	0	0.011918478
TIC2015_205	28.00071917	0.1869831	13.77921611	8.525710176	0.053937433	0.715569939	5.005393743	13.49514563	0.007191658	0	0.053937433	1.718806185	4.063286588	0.266091334	0.025170802	0.409924488	0.021574973	0.053937433	1.9201726
TIC2015_206	32.36429619	0.092656938	10.20384526	12.67855764	0.312717165	0.49803104	3.076982472	1.497953826	0.019303529	0.011582117	0.042467763	4.991892518	2.273955679	0	0.050189175	0.065631998	0.061771292	3.354953285	2.61755849
TIC2015_217	48.44384303	0.009332276	3.410946759	18.70188045	0.083990481	0.041995241	0.732583641	0.102655032	0.004666138	0.023330689	0.205310065	5.268069619	3.070318697	0.004666138	0	0.41062013	0	0.891232327	3.368951519
TIC2015_218	41.07678794	0.084181246	7.213966767	21.45157748	0.13176195	0.058560867	0.505087475	0.501427421	0.040260596	0.018300271	0.355025254	1.771466218	3.886977527	5.248517678	0.054900813	0.003660054	0	0.025620379	4.490886465
TIC2015_219	32.62165059	0.008574491	1.680600214	5.076098607	0.0471597	0.261521972	2.979635584	0.72454448	0	0	0.184351554	18.02357985	2.911039657	0.025723473	0.004287245	0.368703108	0.0943194	0.351554126	0.883172562
TIC2017_018	58.64329777	0.016148654	1.290815722	10.70655743	0.017225231	0.088279307	0.828964225	0.380031651	0.006459461	0	0.665324534	1.167009377	3.970415666	0.004306308	3.18020821	0.162563114	0	0.873103879	1.896928526
TIC2017_019	50.09486983	0.019783283	5.108583247	15.52178409	0.032372645	0.145676903	0.870464458	0.786835124	0.005395441	0	0.471201834	5.31630772	4.454835664	0.00089924	1.273324041	0	0.00179848	0.026077964	2.907243379
TIC2017_020	44.43069987	0.01740979	12.5826965	14.35391354	0.032070665	0.260230542	1.056499349	0.629501347	0.005497828	0	0.595598072	2.092839995	4.128869097	0	1.602616966	0.000916305	0.001832609	0.278556637	2.675609801
TIC2017_022	38.91817669	0.018390015	4.902778118	19.93109874	0.008582007	0.274624231	1.863521565	0.730696614	0.008582007	0	0.727018611	3.691489101	6.9048378	0.001226001	1.60728735	0.002452002	0.001226001	0.628938528	4.435671726
TIC2017_025	34.43518796	0.749618104	0	2.620513709	0.436227342	0.100788989	0.05354415	0.058268634	0.06141829	0	5.472527126	0.006299312	0.012598624	0.623631868	8.209578104	0.004724484	0	0.05354415	0.006299312
TIC2021_004	35.9713798	0.107144154	0.15254422	2.96553227	5.068463299	0.027240039	2.713107907	0.20157629	0.010896016	0	0.023608034	0.03450405	0	0.016344024	0.03450405	0.009080013	0.003632005	0	0.001816003
TIC2021_034	32.32381317	0.017038315	7.171000788	11.14518774	0.070283049	1.654846336	4.591825868	0.06815326	0	0	0.019168104	6.321214832	1.567524972	0.002129789	0.004259579	0.038336209	0	17.76883266	1.262965093
TIC2022_019	22.73369525	0.012394338	25.01673236	13.61394115	0.096675838	1.0039414	6.873900002	5.10150963	0.002478868	0	0.002478868	6.112887633	4.03559654	0	0	0.012394338	0	0.002478868	2.95728911
TIC2022_059	29.05976513	0.014959982	2.30009724	12.57012492	0.673199192	1.178098586	5.40803351	11.665046	0	0	0.059839928	10.89834692	2.891016531	0	0	0.014959982	0.026179969	5.037773955	2.240257312
TIC2012_056	0.310685962	6.630692503	0.008175946	0.073583517	0.008175946	0.024527839	0.008175946	0.057231625	0.964761671	0.024527839	0.253454337	0	0.008175946	2.142097948	0.114463249	4.047093451	0.016351893	0.008175946	0
TIC2016_051	0.05899705	13.46396966	0	0	0.021070375	0.0674252	0.00842815	0.0337126	0.935524652	0	0.219131901	0	0	0.00842815	0.147492625	3.430257059	0.0168563	0	0
TIC2016_053	0.024518818	15.45094193	0	0.00408647	0.00408647	0.012259409	0.00408647	0.163458788	1.270892076	0	0.780515712	0	0.00408647	1.103346819	1.287237955	1.176903273	0.016345879	0	0
ACE2016_045	0.321691176	0.080422794	0.022977941	0.057444853	0.011488971	0.022977941	0.011488971	0.011488971	0.005744485	42.42876838	0.005744485	0.005744485	0.005744485	0.011488971	0	0.005744485	0	0.005744485	0.005744485
ACE2016_060	0.176842478	0.053052743	0.013263186	0.026526372	0.004421062	0.044210619	0.017684248	0.004421062	0	81.65259295	0.008842124	0.008842124	0	0	0.004421062	0	0	0	0
ACE2016_080	0.161796897	0.023793661	0.014276197	0.04282859	0.004758732	0.04282859	0.014276197	0	0	61.92538308	0.023793661	0.009517465	0.004758732	0.004758732	0	0.004758732	0	0	0.009517465
